1.000000	0.979038	0.982411	0.952530	0.979477	0.978318	0.977161	0.736315	0.977507	0.974544	0.995385	0.958381	0.983092	0.990575	0.994910	0.987453	0.948661	0.986595	0.985362	0.963123	0.943165	0.927903	0.986176	0.960178	0.989512	0.991117	0.825040	0.974176	0.996759	0.960867	0.980816	0.980083	0.981778	0.976475	0.981910	0.984155	0.987547	0.987584	0.956783	0.969711	0.973350	0.979518	0.979154	0.996461	0.978454	0.991229	0.997697	0.982857	0.966802	0.971442	0.974888	0.988934	0.976373	0.990347	0.990192	0.990646	0.989900	0.990272	0.993736	0.979365	0.981919	0.996805	0.995023	0.990139	0.996083	0.972658	0.985683	0.960142	0.990562	0.981267	0.993791	0.968246	0.956812	0.993461	0.990232	0.977147	0.996097	0.982688	0.984518	0.994348	0.993283	0.935780	0.988807	0.981533	0.970097	0.982271	0.975895	0.929641	0.980177	0.977173	0.980710	0.987014	0.975385	0.980085	0.985569	0.974163	0.996807	0.979451	0.986412	0.992147	
0.979038	1.000000	0.995689	0.986840	0.997052	0.986889	0.987588	0.688044	0.999344	0.988710	0.990326	0.966563	0.996414	0.985687	0.970925	0.993324	0.984056	0.989973	0.992292	0.985888	0.977807	0.968731	0.995405	0.982747	0.985964	0.987003	0.871454	0.993832	0.987517	0.980505	0.994468	0.999015	0.996670	0.971612	0.997402	0.987209	0.992324	0.990658	0.986379	0.989395	0.977655	0.998440	0.983412	0.985816	0.992693	0.994790	0.985629	0.996727	0.992380	0.985347	0.996035	0.982854	0.987764	0.994541	0.983186	0.991815	0.993889	0.987287	0.990001	0.981837	0.980486	0.987253	0.972202	0.993724	0.991920	0.989437	0.991278	0.981442	0.992738	0.960112	0.985358	0.972057	0.991859	0.985493	0.989571	0.987395	0.980243	0.966357	0.981798	0.989422	0.988247	0.977630	0.991868	0.978355	0.983727	0.994595	0.982317	0.946155	0.996485	0.987201	0.986841	0.982164	0.998501	0.990064	0.993322	0.995386	0.989446	0.975648	0.997613	0.990806	
0.982411	0.995689	1.000000	0.982335	0.996969	0.980986	0.982989	0.727697	0.996115	0.985180	0.993171	0.952834	0.996779	0.983936	0.972457	0.990486	0.971248	0.988239	0.986951	0.974698	0.967482	0.954400	0.993325	0.972578	0.986176	0.989775	0.893219	0.991615	0.991904	0.971954	0.998520	0.993732	0.996419	0.963266	0.994515	0.981792	0.997420	0.988571	0.979780	0.982039	0.970373	0.992442	0.977420	0.992365	0.992301	0.993767	0.988932	0.995127	0.989272	0.976220	0.996685	0.981248	0.980861	0.991742	0.977419	0.990739	0.991138	0.985865	0.992211	0.980248	0.986308	0.987996	0.971166	0.989338	0.993999	0.987482	0.988313	0.974636	0.989826	0.959630	0.984665	0.962528	0.986021	0.985270	0.993442	0.976072	0.981732	0.962484	0.981358	0.986283	0.983717	0.968665	0.986306	0.972644	0.975435	0.986551	0.980948	0.928560	0.991491	0.975384	0.989674	0.991009	0.994538	0.988587	0.994157	0.987789	0.991819	0.975959	0.995817	0.988117	
0.952530	0.986840	0.982335	1.000000	0.987872	0.989090	0.991041	0.719774	0.988038	0.993969	0.972171	0.975937	0.987082	0.977115	0.955530	0.985905	0.994486	0.985703	0.984984	0.991577	0.995384	0.990298	0.987403	0.993494	0.979337	0.980617	0.839989	0.996240	0.971744	0.991905	0.982248	0.987650	0.988806	0.972177	0.981704	0.983337	0.971830	0.986056	0.998424	0.994104	0.982600	0.990060	0.984909	0.964869	0.994146	0.979984	0.967210	0.986904	0.997195	0.989702	0.987299	0.976385	0.990320	0.983318	0.971317	0.983221	0.984091	0.980847	0.978221	0.986552	0.982187	0.962905	0.954355	0.978089	0.972705	0.995366	0.985665	0.994537	0.983287	0.957766	0.974923	0.979688	0.996542	0.973340	0.981030	0.982977	0.966653	0.960163	0.981856	0.974613	0.966243	0.995941	0.980017	0.975922	0.988954	0.976961	0.988722	0.966736	0.989044	0.981836	0.987610	0.953240	0.992203	0.991775	0.989521	0.988737	0.969835	0.979786	0.984317	0.977580	
0.979477	0.997052	0.996969	0.987872	1.000000	0.985766	0.987308	0.694389	0.998834	0.989905	0.992308	0.962784	0.999536	0.987025	0.971489	0.994727	0.981165	0.993306	0.993344	0.982551	0.975764	0.966686	0.997618	0.981058	0.989436	0.990553	0.880882	0.993875	0.989422	0.977236	0.998589	0.996104	0.999584	0.969289	0.998603	0.988441	0.995805	0.990657	0.984922	0.989349	0.979227	0.996609	0.982046	0.989017	0.994995	0.995573	0.987826	0.999343	0.995261	0.984944	0.999553	0.980641	0.987480	0.994648	0.981931	0.993372	0.993704	0.987351	0.991678	0.984602	0.983755	0.985561	0.971332	0.993505	0.991050	0.991814	0.989030	0.980292	0.991429	0.959493	0.987115	0.971718	0.992023	0.989089	0.994033	0.983131	0.981413	0.962104	0.984537	0.989398	0.987506	0.980131	0.991447	0.974991	0.980408	0.989672	0.985792	0.939913	0.997564	0.983091	0.988075	0.987046	0.995361	0.990846	0.996226	0.996087	0.991033	0.975994	0.998661	0.989907	
0.978318	0.986889	0.980986	0.989090	0.985766	1.000000	0.999065	0.739847	0.985760	0.997508	0.985410	0.993153	0.988130	0.994155	0.985187	0.995547	0.988944	0.995805	0.995099	0.995104	0.989172	0.982158	0.993453	0.996536	0.993675	0.993587	0.794861	0.995334	0.987686	0.996689	0.979603	0.990050	0.988917	0.994883	0.983518	0.996694	0.975764	0.998158	0.993464	0.997098	0.996684	0.992407	0.998814	0.979337	0.995238	0.989735	0.986158	0.988777	0.991033	0.998010	0.981807	0.995215	0.999035	0.994454	0.993406	0.994915	0.995558	0.996465	0.991428	0.997686	0.991103	0.981550	0.985266	0.990604	0.987055	0.996342	0.995988	0.996669	0.996365	0.987604	0.993881	0.996165	0.985778	0.990634	0.990234	0.996507	0.989867	0.989437	0.996712	0.993055	0.984875	0.981963	0.994008	0.995603	0.997336	0.986242	0.996832	0.981375	0.991825	0.995800	0.994066	0.960510	0.990710	0.997842	0.994702	0.989729	0.985366	0.995626	0.988669	0.992395	
0.977161	0.987588	0.982989	0.991041	0.987308	0.999065	1.000000	0.741458	0.986994	0.998167	0.985278	0.990718	0.988887	0.994259	0.984367	0.995333	0.990279	0.996442	0.995071	0.996357	0.990289	0.984399	0.993577	0.996792	0.992839	0.992885	0.803310	0.996394	0.987657	0.995638	0.982159	0.990902	0.990038	0.993188	0.984167	0.995999	0.977206	0.997593	0.995114	0.997926	0.995430	0.992532	0.998472	0.980656	0.996536	0.990071	0.985099	0.990218	0.993587	0.997741	0.984088	0.994703	0.999304	0.994917	0.992264	0.995850	0.994220	0.996389	0.990957	0.998413	0.992302	0.981234	0.983404	0.990585	0.986648	0.996077	0.996436	0.996408	0.995971	0.985318	0.993588	0.994846	0.987776	0.990004	0.991788	0.994704	0.989512	0.986780	0.994973	0.991801	0.984128	0.984759	0.994073	0.993965	0.996905	0.986322	0.997760	0.979027	0.991930	0.994860	0.994483	0.962533	0.992049	0.998366	0.995744	0.990427	0.985117	0.995228	0.989641	0.992898	
0.736315	0.688044	0.727697	0.719774	0.694389	0.739847	0.741458	1.000000	0.682638	0.735048	0.725435	0.716004	0.704343	0.730149	0.764683	0.713464	0.673126	0.723426	0.696811	0.698920	0.714241	0.680292	0.707059	0.713973	0.735756	0.759194	0.552420	0.736280	0.755696	0.744240	0.708037	0.693715	0.702509	0.737049	0.668566	0.709678	0.705793	0.747460	0.728799	0.708407	0.718899	0.688049	0.739543	0.740030	0.738246	0.711102	0.740734	0.690942	0.705202	0.707750	0.689361	0.766809	0.719995	0.714796	0.712323	0.728022	0.723794	0.748422	0.745838	0.755586	0.797296	0.721059	0.744691	0.686506	0.739994	0.741688	0.742135	0.745028	0.732115	0.795981	0.738322	0.726657	0.690003	0.718991	0.746610	0.695809	0.755667	0.777639	0.760995	0.715927	0.678315	0.677250	0.698442	0.756073	0.733462	0.675608	0.751207	0.720351	0.681810	0.686046	0.782339	0.697692	0.713088	0.750699	0.739474	0.660481	0.728361	0.795141	0.692528	0.720446	
0.977507	0.999344	0.996115	0.988038	0.998834	0.985760	0.986994	0.682638	1.000000	0.988932	0.990206	0.964361	0.997809	0.984921	0.968983	0.993388	0.984308	0.991053	0.992960	0.985190	0.978084	0.969359	0.996395	0.982373	0.986026	0.987245	0.878724	0.993682	0.986906	0.978930	0.996630	0.998469	0.998120	0.969361	0.998697	0.987177	0.993512	0.989834	0.986217	0.989391	0.977418	0.998174	0.981896	0.986038	0.993373	0.995252	0.984929	0.998273	0.994417	0.985454	0.998273	0.980432	0.987449	0.994321	0.981520	0.991903	0.993349	0.986163	0.989467	0.981915	0.979948	0.985874	0.969623	0.993340	0.990550	0.990053	0.989913	0.980534	0.991561	0.957088	0.984887	0.971299	0.993631	0.986071	0.990628	0.985800	0.978938	0.962220	0.981368	0.988712	0.987817	0.980291	0.991676	0.976054	0.982289	0.993562	0.982644	0.943131	0.997456	0.985633	0.985831	0.983898	0.997601	0.989500	0.994164	0.996760	0.989477	0.973868	0.998314	0.990183	
0.974544	0.988710	0.985180	0.993969	0.989905	0.997508	0.998167	0.735048	0.988932	1.000000	0.986945	0.987728	0.991386	0.993192	0.979300	0.995923	0.991816	0.995669	0.994993	0.994446	0.990043	0.982951	0.994774	0.995568	0.993649	0.993146	0.816621	0.998169	0.986831	0.995067	0.984858	0.990004	0.992845	0.989932	0.985887	0.996338	0.979081	0.995817	0.995469	0.997224	0.995154	0.994249	0.996949	0.980559	0.998629	0.989568	0.984546	0.991546	0.995861	0.996350	0.986726	0.992408	0.998175	0.993357	0.989912	0.994778	0.994535	0.995331	0.992052	0.997394	0.992792	0.980639	0.979492	0.990461	0.985987	0.997760	0.996171	0.995872	0.995174	0.980412	0.991420	0.992194	0.989813	0.990366	0.990618	0.993141	0.986679	0.982094	0.994767	0.989843	0.983624	0.986325	0.991392	0.990983	0.996539	0.984020	0.997152	0.973527	0.994245	0.992583	0.993933	0.965339	0.992084	0.998649	0.996184	0.991336	0.984438	0.992496	0.991085	0.991473	
0.995385	0.990326	0.993171	0.972171	0.992308	0.985410	0.985278	0.725435	0.990206	0.986945	1.000000	0.964246	0.994604	0.994364	0.988711	0.995355	0.966615	0.993150	0.992639	0.974333	0.959803	0.946287	0.995268	0.972350	0.995315	0.995870	0.852765	0.987715	0.998317	0.972116	0.992560	0.989221	0.994177	0.978131	0.992366	0.991278	0.995290	0.992460	0.972606	0.981657	0.981216	0.991262	0.985363	0.998186	0.990993	0.996277	0.998444	0.993601	0.983148	0.980422	0.989006	0.990496	0.985110	0.995414	0.991300	0.995903	0.995957	0.994211	0.998780	0.986521	0.989070	0.996846	0.989677	0.995970	0.998334	0.985541	0.992239	0.972811	0.995443	0.976729	0.995099	0.973630	0.974571	0.996924	0.995294	0.983246	0.994445	0.978753	0.989788	0.995745	0.995166	0.957309	0.992370	0.982866	0.979389	0.987051	0.984983	0.936280	0.992154	0.983037	0.988554	0.992129	0.987121	0.989828	0.994337	0.986477	0.998234	0.982675	0.995901	0.995245	
0.958381	0.966563	0.952834	0.975937	0.962784	0.993153	0.990718	0.716004	0.964361	0.987728	0.964246	1.000000	0.966112	0.982965	0.973860	0.981585	0.985043	0.982445	0.983815	0.991527	0.984976	0.982358	0.976698	0.993637	0.979950	0.976694	0.725236	0.980263	0.966837	0.993569	0.951767	0.972114	0.968006	0.996333	0.961702	0.988981	0.946141	0.985304	0.984336	0.988866	0.994722	0.977282	0.994184	0.954280	0.979478	0.970758	0.966365	0.968782	0.975489	0.993999	0.956575	0.985729	0.992748	0.979154	0.986530	0.980133	0.981020	0.985239	0.973357	0.989263	0.974099	0.962285	0.975918	0.975941	0.965723	0.982802	0.984210	0.991105	0.983403	0.983921	0.981331	0.998317	0.969613	0.976676	0.969343	0.993097	0.976408	0.986853	0.986215	0.979952	0.971039	0.973076	0.982087	0.991642	0.993985	0.971632	0.987144	0.994837	0.976502	0.992749	0.976664	0.926708	0.972246	0.985117	0.976890	0.975668	0.964316	0.987069	0.968766	0.978961	
0.983092	0.996414	0.996779	0.987082	0.999536	0.988130	0.988887	0.704343	0.997809	0.991386	0.994604	0.966112	1.000000	0.990227	0.976063	0.996688	0.979981	0.994918	0.994414	0.982450	0.974913	0.965266	0.998576	0.981817	0.992968	0.993583	0.872146	0.994584	0.992207	0.978894	0.997824	0.995408	0.999816	0.973278	0.998069	0.990986	0.996231	0.992932	0.984685	0.990278	0.982652	0.996693	0.984850	0.991000	0.996028	0.996177	0.991333	0.999241	0.994432	0.986129	0.998451	0.983942	0.989053	0.995875	0.985328	0.995049	0.995711	0.990191	0.994506	0.987371	0.986989	0.987405	0.976320	0.995050	0.993130	0.993413	0.990471	0.982003	0.993418	0.965433	0.990204	0.974800	0.989778	0.992072	0.995659	0.984682	0.985251	0.967399	0.988549	0.991905	0.989184	0.978268	0.992641	0.977977	0.981866	0.988889	0.988490	0.942836	0.997908	0.984520	0.990697	0.987426	0.994730	0.992935	0.997417	0.995500	0.992862	0.979902	0.998878	0.991243	
0.990575	0.985687	0.983936	0.977115	0.987025	0.994155	0.994259	0.730149	0.984921	0.993192	0.994364	0.982965	0.990227	1.000000	0.993365	0.997696	0.976355	0.996811	0.995443	0.985558	0.971081	0.963350	0.994367	0.984927	0.998606	0.996000	0.805100	0.990286	0.994726	0.983194	0.983434	0.987123	0.990554	0.992449	0.986235	0.997982	0.984479	0.996227	0.981024	0.991162	0.994258	0.990567	0.995996	0.990782	0.993035	0.992277	0.995323	0.990905	0.985676	0.990674	0.982705	0.995940	0.994533	0.996467	0.998413	0.998111	0.995718	0.998693	0.996839	0.996108	0.992227	0.990217	0.994624	0.996470	0.992774	0.989759	0.994622	0.984553	0.997224	0.988402	0.998879	0.989393	0.974568	0.997961	0.994359	0.990851	0.997401	0.989308	0.996022	0.996970	0.993131	0.967350	0.995543	0.990874	0.988581	0.984460	0.994956	0.961967	0.991684	0.992211	0.991538	0.975794	0.985796	0.995266	0.994596	0.987722	0.992253	0.992130	0.992116	0.995644	
0.994910	0.970925	0.972457	0.955530	0.971489	0.985187	0.984367	0.764683	0.968983	0.979300	0.988711	0.973860	0.976063	0.993365	1.000000	0.986602	0.954223	0.988423	0.985475	0.970924	0.952819	0.940442	0.982948	0.969735	0.990482	0.991518	0.779135	0.975058	0.993476	0.970984	0.970645	0.974972	0.975529	0.988898	0.971917	0.987642	0.974830	0.990341	0.963219	0.974902	0.982787	0.975194	0.987650	0.989360	0.979254	0.986247	0.993515	0.976942	0.966899	0.978949	0.965680	0.994701	0.982987	0.988972	0.993838	0.991077	0.988124	0.993882	0.991196	0.987839	0.986503	0.990323	0.998760	0.986201	0.990216	0.975394	0.987930	0.969795	0.991006	0.994391	0.996161	0.981794	0.954895	0.992707	0.988706	0.981720	0.998696	0.993801	0.989936	0.993483	0.988240	0.941402	0.988851	0.990430	0.978544	0.977232	0.983687	0.952489	0.975853	0.982063	0.983655	0.970242	0.971596	0.983884	0.984989	0.970369	0.990916	0.989945	0.979572	0.991744	
0.987453	0.993324	0.990486	0.985905	0.994727	0.995547	0.995333	0.713464	0.993388	0.995923	0.995355	0.981585	0.996688	0.997696	0.986602	1.000000	0.983787	0.998537	0.998289	0.989161	0.978689	0.970796	0.998947	0.988886	0.998234	0.996708	0.830916	0.995370	0.994245	0.986614	0.990755	0.993924	0.996912	0.988090	0.993970	0.998309	0.989977	0.997614	0.987234	0.995014	0.993454	0.996813	0.994730	0.990488	0.997009	0.996034	0.994387	0.996907	0.992919	0.993460	0.991652	0.992899	0.996124	0.998598	0.995442	0.998759	0.998648	0.997177	0.997244	0.995063	0.990982	0.989869	0.987943	0.998279	0.994007	0.995048	0.995480	0.988330	0.998159	0.980543	0.996919	0.987888	0.985642	0.997193	0.995939	0.993081	0.993114	0.982485	0.995610	0.997199	0.993562	0.977647	0.997206	0.988857	0.990251	0.989803	0.994978	0.961015	0.997841	0.993510	0.993144	0.979755	0.992830	0.997089	0.997980	0.995084	0.993530	0.989256	0.997274	0.995820	
0.948661	0.984056	0.971248	0.994486	0.981165	0.988944	0.990279	0.673126	0.984308	0.991816	0.966615	0.985043	0.979981	0.976355	0.954223	0.983787	1.000000	0.983326	0.986790	0.997205	0.996471	0.995238	0.984188	0.996446	0.974866	0.973141	0.806845	0.990769	0.964219	0.992644	0.972283	0.986337	0.982714	0.978585	0.978714	0.985340	0.961402	0.982650	0.996149	0.994214	0.985421	0.989861	0.986925	0.956719	0.988161	0.977329	0.960849	0.982898	0.993026	0.993601	0.979096	0.975525	0.992220	0.982024	0.975601	0.980971	0.981800	0.979406	0.972240	0.983756	0.971109	0.961806	0.955638	0.979193	0.966943	0.988585	0.985331	0.992271	0.982436	0.956534	0.973312	0.985461	0.993320	0.971715	0.972527	0.990145	0.964061	0.962467	0.976692	0.974883	0.970383	0.994351	0.982323	0.979131	0.992601	0.981357	0.984182	0.977716	0.988206	0.990101	0.976971	0.942263	0.988279	0.986786	0.983027	0.990092	0.965086	0.974509	0.981254	0.978828	
0.986595	0.989973	0.988239	0.985703	0.993306	0.995805	0.996442	0.723426	0.991053	0.995669	0.993150	0.982445	0.994918	0.996811	0.988423	0.998537	0.983326	1.000000	0.998632	0.990095	0.980772	0.973090	0.998348	0.989964	0.996972	0.997090	0.825837	0.993989	0.993820	0.986951	0.990051	0.992545	0.995250	0.989027	0.991904	0.997667	0.987682	0.997991	0.987557	0.994696	0.993471	0.994086	0.994703	0.990075	0.996484	0.996336	0.992874	0.996068	0.993403	0.995027	0.990398	0.992962	0.996730	0.998471	0.994423	0.999141	0.997439	0.997066	0.995604	0.996661	0.991248	0.988556	0.987546	0.995917	0.992235	0.994716	0.995153	0.988475	0.997351	0.982584	0.997614	0.990177	0.986256	0.997042	0.997334	0.992563	0.993670	0.982814	0.995676	0.996966	0.992158	0.979216	0.997803	0.990505	0.990724	0.989386	0.995852	0.963739	0.995922	0.992862	0.992615	0.977702	0.990832	0.996335	0.998492	0.994080	0.993584	0.990872	0.995449	0.996328	
0.985362	0.992292	0.986951	0.984984	0.993344	0.995099	0.995071	0.696811	0.992960	0.994993	0.992639	0.983815	0.994414	0.995443	0.985475	0.998289	0.986790	0.998632	1.000000	0.992040	0.981489	0.974212	0.998522	0.990492	0.994812	0.994138	0.825330	0.993046	0.991286	0.987087	0.988999	0.994471	0.995116	0.989126	0.993894	0.998132	0.986430	0.996458	0.987088	0.994356	0.992856	0.996605	0.994188	0.987834	0.994908	0.996974	0.990799	0.996358	0.992989	0.995966	0.990045	0.991709	0.996749	0.998469	0.995118	0.998102	0.997880	0.995893	0.994101	0.993625	0.985816	0.990021	0.986270	0.997444	0.991614	0.992628	0.995709	0.986899	0.997620	0.978535	0.995939	0.990024	0.987729	0.996313	0.993713	0.995971	0.991247	0.981348	0.992601	0.997325	0.995227	0.979071	0.998816	0.990839	0.992182	0.993700	0.992155	0.964614	0.997781	0.996130	0.988068	0.976812	0.991709	0.994157	0.996467	0.996561	0.993075	0.986489	0.996496	0.997365	
0.963123	0.985888	0.974698	0.991577	0.982551	0.995104	0.996357	0.698920	0.985190	0.994446	0.974333	0.991527	0.982450	0.985558	0.970924	0.989161	0.997205	0.990095	0.992040	1.000000	0.995233	0.992927	0.988297	0.998700	0.982373	0.981413	0.794840	0.992487	0.974833	0.995485	0.974866	0.989894	0.984590	0.988821	0.980959	0.991225	0.966755	0.990545	0.996184	0.996984	0.991170	0.991424	0.994150	0.967254	0.990851	0.984166	0.971703	0.985882	0.992534	0.997880	0.979647	0.986279	0.997253	0.989411	0.985904	0.988807	0.987907	0.988346	0.980056	0.991104	0.979215	0.972231	0.971120	0.985560	0.976299	0.990670	0.991842	0.994723	0.989936	0.972371	0.984078	0.992858	0.990661	0.980403	0.981078	0.995516	0.977341	0.977076	0.984680	0.984513	0.978908	0.989829	0.990407	0.989190	0.996755	0.987181	0.990299	0.983736	0.989691	0.995997	0.983880	0.949380	0.990506	0.991778	0.988361	0.991105	0.974848	0.984978	0.984943	0.987520	
0.943165	0.977807	0.967482	0.995384	0.975764	0.989172	0.990289	0.714241	0.978084	0.990043	0.959803	0.984976	0.974913	0.971081	0.952819	0.978689	0.996471	0.980772	0.981489	0.995233	1.000000	0.997041	0.979639	0.996939	0.970797	0.972667	0.797334	0.989545	0.961612	0.995574	0.967509	0.982053	0.977268	0.976981	0.970818	0.979951	0.954789	0.982584	0.997746	0.992078	0.982569	0.983395	0.985143	0.951449	0.986372	0.973011	0.956301	0.976931	0.990621	0.992283	0.973981	0.974658	0.990187	0.977804	0.969155	0.977164	0.978358	0.976715	0.968267	0.983981	0.973281	0.954759	0.951085	0.970369	0.962926	0.989633	0.982697	0.995345	0.978915	0.959965	0.970113	0.985605	0.992472	0.965772	0.971436	0.986135	0.961210	0.963437	0.977270	0.970248	0.960286	0.994733	0.977429	0.980028	0.992102	0.975367	0.984386	0.983021	0.981336	0.984549	0.979789	0.932949	0.985606	0.986133	0.981711	0.983160	0.960740	0.978826	0.974153	0.973878	
0.927903	0.968731	0.954400	0.990298	0.966686	0.982158	0.984399	0.680292	0.969359	0.982951	0.946287	0.982358	0.965266	0.963350	0.940442	0.970796	0.995238	0.973090	0.974212	0.992927	0.997041	1.000000	0.970623	0.994231	0.961446	0.960096	0.776096	0.981461	0.947393	0.989114	0.955882	0.973822	0.968166	0.970909	0.962066	0.973504	0.941838	0.972859	0.993312	0.989243	0.978552	0.975703	0.978896	0.936700	0.977799	0.961577	0.942769	0.969094	0.985303	0.988060	0.965404	0.963313	0.985339	0.969225	0.961921	0.968445	0.967398	0.966807	0.955415	0.977225	0.961080	0.939622	0.939519	0.962921	0.948459	0.981537	0.972134	0.990544	0.968663	0.948257	0.960428	0.981661	0.986343	0.955562	0.960868	0.979797	0.949489	0.951902	0.967254	0.960098	0.950257	0.995571	0.970367	0.969359	0.984888	0.966181	0.978917	0.983330	0.974215	0.980279	0.968833	0.916731	0.977167	0.978125	0.971920	0.978751	0.946463	0.968551	0.965063	0.963394	
0.986176	0.995405	0.993325	0.987403	0.997618	0.993453	0.993577	0.707059	0.996395	0.994774	0.995268	0.976698	0.998576	0.994367	0.982948	0.998947	0.984188	0.998348	0.998522	0.988297	0.979639	0.970623	1.000000	0.987571	0.995713	0.996043	0.848934	0.995360	0.993754	0.984913	0.994686	0.996070	0.998742	0.983042	0.996972	0.996016	0.992688	0.996625	0.987300	0.993552	0.989393	0.997755	0.991187	0.991121	0.997052	0.998081	0.993029	0.998909	0.994842	0.992500	0.995319	0.989848	0.994343	0.998583	0.991691	0.998071	0.998569	0.994833	0.996192	0.992332	0.988670	0.990323	0.983292	0.997328	0.994201	0.994922	0.994728	0.986285	0.997179	0.974687	0.994859	0.984196	0.989881	0.995859	0.996455	0.991753	0.990222	0.976801	0.992851	0.996290	0.993369	0.979559	0.997022	0.986544	0.988693	0.992350	0.992078	0.955593	0.998966	0.991473	0.991574	0.983422	0.994460	0.995296	0.998642	0.996868	0.994769	0.985621	0.998814	0.995762	
0.960178	0.982747	0.972578	0.993494	0.981058	0.996536	0.996792	0.713973	0.982373	0.995568	0.972350	0.993637	0.981817	0.984927	0.969735	0.988886	0.996446	0.989964	0.990492	0.998700	0.996939	0.994231	0.987571	1.000000	0.983723	0.982877	0.787161	0.993177	0.973779	0.997941	0.972580	0.986756	0.983660	0.989422	0.977984	0.991239	0.964129	0.991083	0.997403	0.997741	0.993530	0.989374	0.994681	0.964284	0.991582	0.981453	0.971008	0.983972	0.992442	0.998312	0.977999	0.985652	0.997498	0.987417	0.984287	0.987381	0.987528	0.987826	0.979738	0.992917	0.981573	0.967554	0.969692	0.982753	0.973975	0.993776	0.990031	0.998104	0.988562	0.974794	0.983416	0.994773	0.989933	0.979712	0.980790	0.994195	0.976310	0.977698	0.987998	0.982942	0.974436	0.991759	0.987901	0.988981	0.996806	0.981812	0.992910	0.987318	0.988421	0.993901	0.986392	0.944662	0.988434	0.993160	0.988522	0.989118	0.972309	0.987761	0.982300	0.984162	
0.989512	0.985964	0.986176	0.979337	0.989436	0.993675	0.992839	0.735756	0.986026	0.993649	0.995315	0.979950	0.992968	0.998606	0.990482	0.998234	0.974866	0.996972	0.994812	0.982373	0.970797	0.961446	0.995713	0.983723	1.000000	0.998079	0.816389	0.991497	0.995308	0.982872	0.986032	0.986446	0.992826	0.988933	0.987666	0.997375	0.987043	0.996317	0.981010	0.990658	0.993774	0.990746	0.993941	0.991002	0.994503	0.992297	0.996304	0.992054	0.986975	0.989407	0.985464	0.993620	0.993160	0.995534	0.995561	0.997218	0.996586	0.997399	0.997939	0.995681	0.993623	0.988427	0.991676	0.995350	0.992880	0.992805	0.992827	0.985158	0.996223	0.986200	0.997820	0.987216	0.976165	0.998228	0.995424	0.988491	0.995700	0.985843	0.997894	0.996113	0.990996	0.968828	0.993595	0.988202	0.986600	0.981655	0.995413	0.957815	0.992840	0.988784	0.993391	0.977969	0.985690	0.995861	0.995936	0.988013	0.992572	0.991617	0.992689	0.993253	
0.991117	0.987003	0.989775	0.980617	0.990553	0.993587	0.992885	0.759194	0.987245	0.993146	0.995870	0.976694	0.993583	0.996000	0.991518	0.996708	0.973141	0.997090	0.994138	0.981413	0.972667	0.960096	0.996043	0.982877	0.998079	1.000000	0.829302	0.992350	0.997770	0.983931	0.989159	0.988285	0.993185	0.986497	0.987974	0.994522	0.989104	0.997814	0.982080	0.988533	0.989671	0.990204	0.992238	0.993543	0.995181	0.994857	0.996873	0.992196	0.987523	0.988543	0.987012	0.994798	0.991810	0.995935	0.992368	0.997338	0.997470	0.997372	0.998667	0.995034	0.995809	0.990824	0.990369	0.992777	0.995555	0.993734	0.994437	0.985161	0.996871	0.987116	0.997555	0.985112	0.979232	0.996986	0.997660	0.987437	0.996057	0.986268	0.997774	0.996143	0.989628	0.968057	0.993253	0.990298	0.987144	0.984014	0.993903	0.955715	0.991591	0.986209	0.995785	0.980970	0.987831	0.995807	0.997737	0.986457	0.995547	0.993511	0.992733	0.994486	
0.825040	0.871454	0.893219	0.839989	0.880882	0.794861	0.803310	0.552420	0.878724	0.816621	0.852765	0.725236	0.872146	0.805100	0.779135	0.830916	0.806845	0.825837	0.825330	0.794840	0.797334	0.776096	0.848934	0.787161	0.816389	0.829302	1.000000	0.841881	0.841671	0.781853	0.896431	0.859416	0.870174	0.743061	0.876905	0.801756	0.893251	0.818308	0.817849	0.810614	0.768820	0.850543	0.781741	0.860121	0.842711	0.854521	0.834153	0.866533	0.852469	0.791600	0.890961	0.792943	0.798766	0.836073	0.785863	0.830301	0.832762	0.807930	0.837711	0.794543	0.821000	0.841869	0.773796	0.834755	0.850735	0.829668	0.821194	0.790516	0.823523	0.736972	0.808618	0.747734	0.861469	0.819723	0.849200	0.789063	0.801709	0.741771	0.797530	0.818024	0.827080	0.822656	0.821416	0.772140	0.786805	0.843431	0.800271	0.683196	0.850410	0.786773	0.829177	0.901459	0.860911	0.821068	0.846970	0.848016	0.850393	0.779730	0.865161	0.826168	
0.974176	0.993832	0.991615	0.996240	0.993875	0.995334	0.996394	0.736280	0.993682	0.998169	0.987715	0.980263	0.994584	0.990286	0.975058	0.995370	0.990769	0.993989	0.993046	0.992487	0.989545	0.981461	0.995360	0.993177	0.991497	0.992350	0.841881	1.000000	0.987650	0.992982	0.990012	0.994044	0.995554	0.982671	0.989633	0.992482	0.984650	0.995385	0.996437	0.996510	0.989243	0.996236	0.993014	0.982226	0.999260	0.990863	0.984650	0.993915	0.997319	0.992849	0.992025	0.989682	0.995387	0.993680	0.985640	0.993921	0.994494	0.992885	0.992007	0.993795	0.992485	0.980920	0.974788	0.990243	0.988326	0.998337	0.995158	0.994828	0.994456	0.973881	0.988736	0.985075	0.993500	0.987271	0.991839	0.989958	0.983795	0.976410	0.991921	0.988290	0.981708	0.987392	0.990268	0.986404	0.993143	0.986025	0.994651	0.965550	0.995097	0.989226	0.995881	0.970573	0.996946	0.998457	0.997101	0.992506	0.985282	0.989587	0.993436	0.989982	
0.996759	0.987517	0.991904	0.971744	0.989422	0.987686	0.987657	0.755696	0.986906	0.986831	0.998317	0.966837	0.992207	0.994726	0.993476	0.994245	0.964219	0.993820	0.991286	0.974833	0.961612	0.947393	0.993754	0.973779	0.995308	0.997770	0.841671	0.987650	1.000000	0.974813	0.990267	0.988145	0.991447	0.981010	0.988411	0.990244	0.992913	0.994938	0.973878	0.981859	0.981705	0.988190	0.987140	0.998349	0.990772	0.995745	0.999097	0.991102	0.981645	0.981251	0.986043	0.993713	0.985941	0.995561	0.991439	0.996424	0.995683	0.995727	0.998785	0.989222	0.992839	0.996030	0.992364	0.993324	0.998885	0.986502	0.992980	0.975603	0.995935	0.983911	0.996832	0.976397	0.973041	0.996117	0.997287	0.982926	0.997231	0.984348	0.992392	0.996161	0.992215	0.956365	0.992448	0.986639	0.980642	0.985695	0.987357	0.942064	0.988625	0.982369	0.992371	0.988547	0.986600	0.991243	0.995115	0.982981	0.998470	0.988621	0.993026	0.995333	
0.960867	0.980505	0.971954	0.991905	0.977236	0.996689	0.995638	0.744240	0.978930	0.995067	0.972116	0.993569	0.978894	0.983194	0.970984	0.986614	0.992644	0.986951	0.987087	0.995485	0.995574	0.989114	0.984913	0.997941	0.982872	0.983931	0.781853	0.992982	0.974813	1.000000	0.969415	0.984008	0.980578	0.989993	0.973171	0.988924	0.961388	0.991349	0.996408	0.994188	0.991634	0.986938	0.994619	0.963728	0.990761	0.979453	0.971353	0.979386	0.988436	0.995631	0.973339	0.988396	0.995311	0.984838	0.982532	0.985174	0.987532	0.988294	0.980735	0.992173	0.984643	0.968300	0.970782	0.978935	0.975208	0.993713	0.991194	0.998622	0.988645	0.979539	0.982270	0.993690	0.986575	0.977772	0.978786	0.993095	0.976828	0.982646	0.989435	0.981507	0.971279	0.985480	0.984119	0.991972	0.998002	0.978987	0.991364	0.988131	0.984639	0.991062	0.988759	0.942059	0.987197	0.993293	0.987236	0.983002	0.971925	0.991229	0.978816	0.982961	
0.980816	0.994468	0.998520	0.982248	0.998589	0.979603	0.982159	0.708037	0.996630	0.984858	0.992560	0.951767	0.997824	0.983434	0.970645	0.990755	0.972283	0.990051	0.988999	0.974866	0.967509	0.955882	0.994686	0.972580	0.986032	0.989159	0.896431	0.990012	0.990267	0.969415	1.000000	0.993161	0.997620	0.961846	0.996573	0.982741	0.997831	0.987219	0.978545	0.982288	0.971052	0.992266	0.975871	0.991921	0.991961	0.994708	0.987673	0.997177	0.991249	0.977538	0.998644	0.977885	0.981095	0.991975	0.976885	0.991094	0.990459	0.984394	0.990707	0.980051	0.983129	0.986621	0.968968	0.989947	0.991556	0.986938	0.986311	0.972554	0.988434	0.955680	0.984624	0.963049	0.987660	0.986741	0.994026	0.975713	0.980304	0.957528	0.980150	0.986416	0.985130	0.971837	0.987572	0.970277	0.973848	0.986767	0.980740	0.926359	0.993181	0.975437	0.986060	0.992268	0.992459	0.986781	0.994409	0.990716	0.991892	0.972435	0.996806	0.988154	
0.980083	0.999015	0.993732	0.987650	0.996104	0.990050	0.990902	0.693715	0.998469	0.990004	0.989221	0.972114	0.995408	0.987123	0.974972	0.993924	0.986337	0.992545	0.994471	0.989894	0.982053	0.973822	0.996070	0.986756	0.986446	0.988285	0.859416	0.994044	0.988145	0.984008	0.993161	1.000000	0.995718	0.976381	0.996661	0.988995	0.990190	0.993203	0.988726	0.991726	0.980617	0.998155	0.986425	0.985559	0.993045	0.996231	0.985739	0.996776	0.993321	0.989518	0.994883	0.985546	0.990912	0.996399	0.985626	0.993669	0.994871	0.989273	0.989760	0.984938	0.981270	0.987651	0.975014	0.993966	0.991924	0.990516	0.993005	0.984408	0.994292	0.965198	0.987942	0.977554	0.993261	0.986682	0.991216	0.990771	0.982722	0.970769	0.983832	0.991659	0.989257	0.980299	0.994910	0.983017	0.987063	0.997016	0.984746	0.954353	0.996345	0.990616	0.987799	0.979166	0.998737	0.991199	0.994532	0.996380	0.990433	0.979352	0.997129	0.993102	
0.981778	0.996670	0.996419	0.988806	0.999584	0.988917	0.990038	0.702509	0.998120	0.992845	0.994177	0.968006	0.999816	0.990554	0.975529	0.996912	0.982714	0.995250	0.995116	0.984590	0.977268	0.968166	0.998742	0.983660	0.992826	0.993185	0.870174	0.995554	0.991447	0.980578	0.997620	0.995718	1.000000	0.974604	0.997900	0.991832	0.995150	0.992986	0.986535	0.991448	0.983819	0.997442	0.986107	0.990223	0.996898	0.996059	0.990248	0.999404	0.995796	0.987555	0.998420	0.984558	0.990338	0.995975	0.985753	0.995363	0.995690	0.990731	0.994277	0.988313	0.987263	0.987194	0.975881	0.995198	0.992437	0.993902	0.991603	0.983346	0.993816	0.965482	0.990116	0.976350	0.991184	0.992007	0.995174	0.985918	0.984949	0.967793	0.988469	0.991615	0.989317	0.980380	0.992874	0.979022	0.983848	0.989392	0.989248	0.945365	0.998487	0.985859	0.990554	0.986163	0.995314	0.993614	0.997614	0.996204	0.992154	0.980356	0.999033	0.991852	
0.976475	0.971612	0.963266	0.972177	0.969289	0.994883	0.993188	0.737049	0.969361	0.989932	0.978131	0.996333	0.973278	0.992449	0.988898	0.988090	0.978585	0.989027	0.989126	0.988821	0.976981	0.970909	0.983042	0.989422	0.988933	0.986497	0.743061	0.982671	0.981010	0.989993	0.961846	0.976381	0.974604	1.000000	0.968694	0.994071	0.959801	0.991299	0.980680	0.988098	0.996153	0.980781	0.997552	0.971655	0.983979	0.980252	0.980846	0.975443	0.976284	0.993190	0.962754	0.994736	0.994188	0.986951	0.995086	0.988882	0.987944	0.993913	0.984856	0.994050	0.983733	0.977693	0.990272	0.984570	0.978896	0.983894	0.990983	0.987571	0.991097	0.993700	0.991786	0.997927	0.967089	0.987853	0.980129	0.994000	0.989976	0.995592	0.992356	0.989437	0.982642	0.964627	0.988830	0.996749	0.993928	0.977361	0.990809	0.984684	0.980496	0.994120	0.983143	0.946355	0.975386	0.989397	0.983865	0.977401	0.978177	0.993202	0.976791	0.988800	
0.981910	0.997402	0.994515	0.981704	0.998603	0.983518	0.984167	0.668566	0.998697	0.985887	0.992366	0.961702	0.998069	0.986235	0.971917	0.993970	0.978714	0.991904	0.993894	0.980959	0.970818	0.962066	0.996972	0.977984	0.987666	0.987974	0.876905	0.989633	0.988411	0.973171	0.996573	0.996661	0.997900	0.968694	1.000000	0.987976	0.995506	0.988937	0.979683	0.986709	0.977217	0.996673	0.979911	0.988664	0.990774	0.996415	0.988013	0.998821	0.991258	0.983687	0.997714	0.978973	0.985571	0.994917	0.983543	0.992445	0.993609	0.985821	0.990227	0.980479	0.977243	0.987985	0.973064	0.995339	0.991367	0.987169	0.987466	0.975108	0.991075	0.957070	0.986853	0.970026	0.988886	0.989363	0.991553	0.984615	0.981099	0.961387	0.981361	0.991106	0.991570	0.974693	0.993155	0.974175	0.978024	0.993264	0.980977	0.937141	0.997544	0.984896	0.982616	0.987964	0.993680	0.986798	0.993321	0.996892	0.992071	0.971064	0.998903	0.990787	
0.984155	0.987209	0.981792	0.983337	0.988441	0.996694	0.995999	0.709678	0.987177	0.996338	0.991278	0.988981	0.990986	0.997982	0.987642	0.998309	0.985340	0.997667	0.998132	0.991225	0.979951	0.973504	0.996016	0.991239	0.997375	0.994522	0.801756	0.992482	0.990244	0.988924	0.982741	0.988995	0.991832	0.994071	0.987976	1.000000	0.981059	0.996289	0.986415	0.994919	0.997614	0.993670	0.997454	0.985010	0.994553	0.992288	0.990811	0.992179	0.990062	0.996037	0.984070	0.993918	0.997759	0.996197	0.997511	0.997180	0.996661	0.997456	0.994418	0.996603	0.988789	0.986755	0.989625	0.996177	0.989126	0.993002	0.995135	0.989275	0.997069	0.984839	0.996763	0.993911	0.981553	0.996843	0.991626	0.995675	0.992909	0.986709	0.996023	0.996246	0.992685	0.976545	0.996354	0.992323	0.993320	0.986890	0.995477	0.970454	0.995108	0.996208	0.989478	0.970071	0.987459	0.995751	0.994739	0.992412	0.989464	0.990518	0.992641	0.995120	
0.987547	0.992324	0.997420	0.971830	0.995805	0.975764	0.977206	0.705793	0.993512	0.979081	0.995290	0.946141	0.996231	0.984479	0.974830	0.989977	0.961402	0.987682	0.986430	0.966755	0.954789	0.941838	0.992688	0.964129	0.987043	0.989104	0.893251	0.984650	0.992913	0.961388	0.997831	0.990190	0.995150	0.959801	0.995506	0.981059	1.000000	0.985580	0.968849	0.976704	0.967820	0.989183	0.972676	0.995355	0.987270	0.993983	0.992209	0.994907	0.983409	0.971333	0.995267	0.977434	0.976257	0.991272	0.978640	0.990132	0.989862	0.983759	0.992065	0.976286	0.981197	0.989819	0.974393	0.991172	0.994217	0.981648	0.983226	0.964926	0.987614	0.957144	0.985800	0.957876	0.977709	0.988262	0.993578	0.972125	0.983276	0.959028	0.979320	0.988001	0.987611	0.958949	0.986788	0.967392	0.967040	0.984683	0.976932	0.916659	0.990295	0.972363	0.983954	0.996686	0.988188	0.983369	0.991558	0.986625	0.994153	0.969968	0.995758	0.987369	
0.987584	0.990658	0.988571	0.986056	0.990657	0.998158	0.997593	0.747460	0.989834	0.995817	0.992460	0.985304	0.992932	0.996227	0.990341	0.997614	0.982650	0.997991	0.996458	0.990545	0.982584	0.972859	0.996625	0.991083	0.996317	0.997814	0.818308	0.995385	0.994938	0.991349	0.987219	0.993203	0.992986	0.991299	0.988937	0.996289	0.985580	1.000000	0.989484	0.994406	0.992890	0.993821	0.996467	0.989028	0.996282	0.995340	0.993393	0.993002	0.990867	0.994669	0.987244	0.996664	0.996759	0.997952	0.994474	0.998167	0.998435	0.998293	0.996400	0.996789	0.993922	0.989303	0.989484	0.994078	0.994323	0.995802	0.997227	0.991802	0.998761	0.987875	0.997367	0.990953	0.985240	0.994743	0.996154	0.994063	0.994680	0.989110	0.997423	0.996954	0.989866	0.976368	0.996558	0.994561	0.993431	0.989775	0.995707	0.969206	0.993568	0.993289	0.996421	0.973952	0.992879	0.997945	0.997983	0.990677	0.993240	0.995363	0.993356	0.996049	
0.956783	0.986379	0.979780	0.998424	0.984922	0.993464	0.995114	0.728799	0.986217	0.995469	0.972606	0.984336	0.984685	0.981024	0.963219	0.987234	0.996149	0.987557	0.987088	0.996184	0.997746	0.993312	0.987300	0.997403	0.981010	0.982080	0.817849	0.996437	0.973878	0.996408	0.978545	0.988726	0.986535	0.980680	0.979683	0.986415	0.968849	0.989484	1.000000	0.996388	0.986911	0.990309	0.990445	0.965661	0.993966	0.981146	0.969298	0.985512	0.995581	0.993728	0.983359	0.982698	0.994174	0.985866	0.977317	0.985788	0.986002	0.985148	0.979637	0.990230	0.984133	0.966225	0.962024	0.980068	0.974842	0.995215	0.989537	0.997715	0.986798	0.967237	0.979145	0.986550	0.994552	0.975460	0.981750	0.988444	0.972032	0.970275	0.984836	0.978448	0.969445	0.994282	0.983781	0.983510	0.994042	0.980358	0.991285	0.977541	0.988271	0.987673	0.989364	0.949624	0.992761	0.993792	0.989869	0.988262	0.971501	0.985636	0.983633	0.981548	
0.969711	0.989395	0.982039	0.994104	0.989349	0.997098	0.997926	0.708407	0.989391	0.997224	0.981657	0.988866	0.990278	0.991162	0.974902	0.995014	0.994214	0.994696	0.994356	0.996984	0.992078	0.989243	0.993552	0.997741	0.990658	0.988533	0.810614	0.996510	0.981859	0.994188	0.982288	0.991726	0.991448	0.988098	0.986709	0.994919	0.976704	0.994406	0.996388	1.000000	0.994756	0.994266	0.995444	0.974853	0.995851	0.987530	0.980375	0.991747	0.995961	0.997516	0.987043	0.987666	0.998523	0.993139	0.988856	0.993066	0.992153	0.991641	0.986916	0.995132	0.986423	0.974753	0.975472	0.990550	0.981812	0.996515	0.991958	0.996638	0.992552	0.975037	0.988981	0.992136	0.991144	0.986674	0.988566	0.993535	0.982423	0.977298	0.991478	0.988476	0.981452	0.991413	0.992558	0.986864	0.993988	0.985091	0.996325	0.977250	0.994252	0.994423	0.991086	0.959534	0.992848	0.996751	0.993914	0.994402	0.980086	0.988462	0.990233	0.988293	
0.973350	0.977655	0.970373	0.982600	0.979227	0.996684	0.995430	0.718899	0.977418	0.995154	0.981216	0.994722	0.982652	0.994258	0.982787	0.993454	0.985421	0.993471	0.992856	0.991170	0.982569	0.978552	0.989393	0.993530	0.993774	0.989671	0.768820	0.989243	0.981705	0.991634	0.971052	0.980617	0.983819	0.996153	0.977217	0.997614	0.967820	0.992890	0.986911	0.994756	1.000000	0.986805	0.997752	0.973156	0.990808	0.982799	0.982448	0.983794	0.986175	0.996206	0.974233	0.990831	0.997255	0.989552	0.993944	0.991450	0.990734	0.993706	0.987448	0.996926	0.986413	0.974699	0.984787	0.988556	0.979048	0.991918	0.990128	0.992540	0.991556	0.986434	0.992038	0.997677	0.976548	0.990700	0.984786	0.993530	0.987473	0.986911	0.995499	0.989769	0.982744	0.978119	0.990335	0.991161	0.993403	0.976869	0.996393	0.981225	0.988548	0.994088	0.987126	0.952578	0.980474	0.993985	0.989338	0.986159	0.978813	0.991624	0.983320	0.987540	
0.979518	0.998440	0.992442	0.990060	0.996609	0.992407	0.992532	0.688049	0.998174	0.994249	0.991262	0.977282	0.996693	0.990567	0.975194	0.996813	0.989861	0.994086	0.996605	0.991424	0.983395	0.975703	0.997755	0.989374	0.990746	0.990204	0.850543	0.996236	0.988190	0.986938	0.992266	0.998155	0.997442	0.980781	0.996673	0.993670	0.989183	0.993821	0.990309	0.994266	0.986805	1.000000	0.990137	0.985030	0.995782	0.995354	0.987022	0.997423	0.995160	0.992105	0.994515	0.987268	0.993748	0.996435	0.988947	0.994745	0.996595	0.991731	0.992238	0.988301	0.983727	0.987431	0.977181	0.996136	0.991258	0.993378	0.994559	0.987349	0.995690	0.967745	0.989532	0.981928	0.992879	0.990133	0.990559	0.993268	0.983977	0.973190	0.987668	0.992555	0.991012	0.982436	0.994863	0.984635	0.990304	0.994433	0.988347	0.958164	0.999087	0.993102	0.988597	0.977962	0.997522	0.993894	0.995393	0.997775	0.989710	0.981211	0.998018	0.993540	
0.979154	0.983412	0.977420	0.984909	0.982046	0.998814	0.998472	0.739543	0.981896	0.996949	0.985363	0.994184	0.984850	0.995996	0.987650	0.994730	0.986925	0.994703	0.994188	0.994150	0.985143	0.978896	0.991187	0.994681	0.993941	0.992238	0.781741	0.993014	0.987140	0.994619	0.975871	0.986425	0.986107	0.997552	0.979911	0.997454	0.972676	0.996467	0.990445	0.995444	0.997752	0.990137	1.000000	0.979341	0.993597	0.987480	0.985975	0.986063	0.988003	0.996746	0.977299	0.996710	0.998640	0.993233	0.995678	0.994730	0.993749	0.997492	0.991251	0.998189	0.991185	0.982194	0.988481	0.990675	0.985867	0.992925	0.996209	0.994180	0.996018	0.990193	0.994576	0.997009	0.980154	0.991421	0.988386	0.995884	0.991658	0.992214	0.995957	0.992543	0.985812	0.977074	0.993072	0.996227	0.997206	0.983647	0.996671	0.981319	0.989553	0.996084	0.991881	0.958821	0.987069	0.996876	0.992536	0.986682	0.984085	0.995845	0.986688	0.992840	
0.996461	0.985816	0.992365	0.964869	0.989017	0.979337	0.980656	0.740030	0.986038	0.980559	0.998186	0.954280	0.991000	0.990782	0.989360	0.990488	0.956719	0.990075	0.987834	0.967254	0.951449	0.936700	0.991121	0.964284	0.991002	0.993543	0.860121	0.982226	0.998349	0.963728	0.991921	0.985559	0.990223	0.971655	0.988664	0.985010	0.995355	0.989028	0.965661	0.974853	0.973156	0.985030	0.979341	1.000000	0.986423	0.994626	0.997385	0.990327	0.977991	0.973484	0.986327	0.987587	0.978980	0.992746	0.986630	0.993589	0.991400	0.990894	0.996118	0.982380	0.987481	0.996385	0.988041	0.991677	0.997509	0.979382	0.988407	0.964929	0.991695	0.974314	0.993039	0.966159	0.968737	0.993838	0.995464	0.975560	0.993801	0.974969	0.984904	0.992742	0.991905	0.948950	0.989196	0.978337	0.972077	0.983802	0.980335	0.925193	0.986019	0.975738	0.985931	0.994711	0.982983	0.985018	0.991761	0.980359	0.998148	0.979699	0.992505	0.993133	
